{
 "cells": [
  {
   "cell_type": "code",
   "execution_count": 3,
   "id": "e792f9f6-1071-4a69-b6c6-e84227cc4b58",
   "metadata": {},
   "outputs": [
    {
     "name": "stdout",
     "output_type": "stream",
     "text": [
      "📁 Корень проекта: C:\\Users\\Admin\\Documents\\GitHub\\dnasegnercrosstalk\n",
      "📂 Найдено файлов: 40\n",
      "\n"
     ]
    },
    {
     "name": "stderr",
     "output_type": "stream",
     "text": [
      "🔄 Обработка SRD:   2%|▊                                | 1/40 [00:00<00:12,  3.06файл/s, file=3_pGEM_A3_PDMA6_50.s...]"
     ]
    },
    {
     "name": "stdout",
     "output_type": "stream",
     "text": [
      "   matrixdef:\n",
      "[[1.         0.45442271 0.05485368 0.00475959]\n",
      " [0.73666734 1.         0.39780498 0.01566364]\n",
      " [0.43882051 0.62656242 1.         0.25624526]\n",
      " [0.20345469 0.31454486 0.56733644 1.        ]]\n",
      "   matrix inv:\n",
      "[[ 1.51032801 -0.84882143  0.29411056 -0.06925735]\n",
      " [-1.1277791   1.97319603 -0.82913169  0.1869214 ]\n",
      " [ 0.03709389 -0.87648276  1.5667097  -0.38790957]\n",
      " [ 0.02640909  0.04929865 -0.68789057  1.1753708 ]]\n",
      "Предупреждение: для канала 0 (G) не найдено чистых пиков. Использован единичный вектор как fallback.\n",
      "Предупреждение: для канала 3 (C) не найдено чистых пиков. Использован единичный вектор как fallback.\n",
      "   matrix1:\n",
      "[[ 1.          0.26980728  0.10088707  0.        ]\n",
      " [ 0.          1.15631692 -0.16151205  0.        ]\n",
      " [ 0.         -0.39614561  1.22521667  0.        ]\n",
      " [ 0.         -0.02997859 -0.16459169  1.        ]]\n",
      "Найдено пиков: 592\n",
      "  Итерация 1: max Δ = 0.625512\n",
      "  Итерация 2: max Δ = 0.026133\n",
      "  Итерация 3: max Δ = 0.010547\n",
      "  Сходимость на итерации 5\n",
      "   matrix2:\n",
      "[[ 0.3612531   0.20641426 -0.03386837  0.04650399]\n",
      " [ 0.27431116  0.39623906  0.07361128  0.05647706]\n",
      " [ 0.22427202  0.25076613  0.61839158  0.21399611]\n",
      " [ 0.14016372  0.14658055  0.34186551  0.68302284]]\n",
      "   matrix1def:\n",
      "[[ 1.          0.59373635  1.83920344  0.        ]\n",
      " [ 0.          1.15631692 -0.40600811  0.        ]\n",
      " [ 0.         -0.63225243  1.22521667  0.        ]\n",
      " [ 0.         -0.09530783 -0.29011303  1.        ]]\n",
      "   matrix2def:\n",
      "[[ 0.3612531   0.45423404 -0.61743111  9.77057788]\n",
      " [ 0.37236775  0.39623906  0.18504363  3.60561545]\n",
      " [ 0.51107916  0.4002253   0.61839158  0.83512222]\n",
      " [ 0.68891862  0.46600841  0.60257986  0.68302284]]\n",
      "   ✅ 2_pGEM_G2_PDMA6_36.srd готов\n"
     ]
    },
    {
     "name": "stderr",
     "output_type": "stream",
     "text": [
      "🔄 Обработка SRD:   5%|█▋                               | 2/40 [00:01<00:20,  1.88файл/s, file=3_pGEM_B3_PDMA6_50.s...]"
     ]
    },
    {
     "name": "stdout",
     "output_type": "stream",
     "text": [
      "   matrixdef:\n",
      "[[1.         0.43628675 0.05150481 0.00714676]\n",
      " [0.7464748  1.         0.38239858 0.02149237]\n",
      " [0.4566119  0.6320703  1.         0.29575685]\n",
      " [0.22059479 0.33302453 0.55968916 1.        ]]\n",
      "   matrix inv:\n",
      "[[ 1.48598492 -0.7931545   0.26743835 -0.07266993]\n",
      " [-1.11648009  1.91864401 -0.78800983  0.19980231]\n",
      " [ 0.01696632 -0.85482712  1.57680796 -0.44810075]\n",
      " [ 0.03451886  0.01444771 -0.67909123  1.20028867]]\n",
      "Предупреждение: для канала 0 (G) не найдено чистых пиков. Использован единичный вектор как fallback.\n",
      "Предупреждение: для канала 1 (A) не найдено чистых пиков. Использован единичный вектор как fallback.\n",
      "Предупреждение: для канала 2 (T) не найдено чистых пиков. Использован единичный вектор как fallback.\n",
      "Предупреждение: для канала 3 (C) не найдено чистых пиков. Использован единичный вектор как fallback.\n",
      "   matrix1:\n",
      "[[1. 0. 0. 0.]\n",
      " [0. 1. 0. 0.]\n",
      " [0. 0. 1. 0.]\n",
      " [0. 0. 0. 1.]]\n",
      "Найдено пиков: 871\n",
      "  Итерация 1: max Δ = 0.619864\n",
      "  Итерация 2: max Δ = 0.010523\n",
      "  Итерация 3: max Δ = 0.002804\n",
      "  Сходимость на итерации 5\n",
      "   matrix2:\n",
      "[[0.37580363 0.1895882  0.03534534 0.05386734]\n",
      " [0.27335867 0.37301063 0.15521533 0.0740427 ]\n",
      " [0.19825989 0.26985771 0.52603631 0.25686939]\n",
      " [0.1525778  0.16754346 0.28340302 0.61522057]]\n",
      "   matrix1def:\n",
      "[[1. 0. 0. 0.]\n",
      " [0. 1. 0. 0.]\n",
      " [0. 0. 1. 0.]\n",
      " [0. 0. 0. 1.]]\n",
      "   matrix2def:\n",
      "[[0.37580363 0.43454952 0.68625317 7.53731067]\n",
      " [0.36619947 0.37301063 0.40589934 3.44506939]\n",
      " [0.43419782 0.42694255 0.52603631 0.86851544]\n",
      " [0.69166545 0.50309646 0.50635789 0.61522057]]\n",
      "   ✅ 3_pGEM_A3_PDMA6_50.srd готов\n"
     ]
    },
    {
     "name": "stderr",
     "output_type": "stream",
     "text": [
      "🔄 Обработка SRD:   8%|██▍                              | 3/40 [00:02<00:28,  1.32файл/s, file=3_pGEM_C3_PDMA6_50.s...]"
     ]
    },
    {
     "name": "stdout",
     "output_type": "stream",
     "text": [
      "   matrixdef:\n",
      "[[1.         0.42949274 0.05087501 0.00714976]\n",
      " [0.78511477 1.         0.37884179 0.02154703]\n",
      " [0.48368555 0.64682263 1.         0.26829728]\n",
      " [0.22363143 0.32498074 0.55633968 1.        ]]\n",
      "   matrix inv:\n",
      "[[ 1.5152341  -0.79890597  0.26097615 -0.06363869]\n",
      " [-1.20463924  1.96551012 -0.78116109  0.17584536]\n",
      " [ 0.03781485 -0.89507906  1.55934493 -0.39935208]\n",
      " [ 0.03159268  0.03787556 -0.67202562  1.17926066]]\n",
      "Предупреждение: для канала 0 (G) не найдено чистых пиков. Использован единичный вектор как fallback.\n",
      "Предупреждение: для канала 1 (A) не найдено чистых пиков. Использован единичный вектор как fallback.\n",
      "Предупреждение: для канала 2 (T) не найдено чистых пиков. Использован единичный вектор как fallback.\n",
      "Предупреждение: для канала 3 (C) не найдено чистых пиков. Использован единичный вектор как fallback.\n",
      "   matrix1:\n",
      "[[1. 0. 0. 0.]\n",
      " [0. 1. 0. 0.]\n",
      " [0. 0. 1. 0.]\n",
      " [0. 0. 0. 1.]]\n",
      "Найдено пиков: 848\n",
      "  Итерация 1: max Δ = 0.652676\n",
      "  Итерация 2: max Δ = 0.024194\n",
      "  Итерация 3: max Δ = 0.002156\n",
      "  Сходимость на итерации 5\n",
      "   matrix2:\n",
      "[[0.3273202  0.18366202 0.04763195 0.05039197]\n",
      " [0.28367211 0.38120739 0.17270254 0.07235859]\n",
      " [0.23516653 0.27175246 0.48132193 0.24276072]\n",
      " [0.15384116 0.16337813 0.29834358 0.63448872]]\n",
      "   matrix1def:\n",
      "[[1. 0. 0. 0.]\n",
      " [0. 1. 0. 0.]\n",
      " [0. 0. 1. 0.]\n",
      " [0. 0. 0. 1.]]\n",
      "   matrix2def:\n",
      "[[0.3273202  0.42762544 0.93625425 7.04806596]\n",
      " [0.36131292 0.38120739 0.45586984 3.35816947]\n",
      " [0.48619713 0.42013443 0.48132193 0.9048199 ]\n",
      " [0.68792281 0.50273173 0.53626154 0.63448872]]\n",
      "   ✅ 3_pGEM_B3_PDMA6_50.srd готов\n"
     ]
    },
    {
     "name": "stderr",
     "output_type": "stream",
     "text": [
      "🔄 Обработка SRD:  10%|███▎                             | 4/40 [00:02<00:25,  1.42файл/s, file=3_pGEM_D3_PDMA6_50.s...]"
     ]
    },
    {
     "name": "stdout",
     "output_type": "stream",
     "text": [
      "   matrixdef:\n",
      "[[1.         0.40438506 0.04796062 0.00704807]\n",
      " [0.77651501 1.         0.37622795 0.0220618 ]\n",
      " [0.47049898 0.63607621 1.         0.26384562]\n",
      " [0.21569785 0.3188563  0.55418664 1.        ]]\n",
      "   matrix inv:\n",
      "[[ 1.46308871 -0.72156772  0.23213923 -0.05564179]\n",
      " [-1.14982498  1.88694675 -0.74515243  0.16307981]\n",
      " [ 0.0345837  -0.87032172  1.54053091 -0.38750522]\n",
      " [ 0.03187802  0.03629642 -0.66621704  1.17475301]]\n",
      "Предупреждение: для канала 0 (G) не найдено чистых пиков. Использован единичный вектор как fallback.\n",
      "Предупреждение: для канала 1 (A) не найдено чистых пиков. Использован единичный вектор как fallback.\n",
      "Предупреждение: для канала 2 (T) не найдено чистых пиков. Использован единичный вектор как fallback.\n",
      "Предупреждение: для канала 3 (C) не найдено чистых пиков. Использован единичный вектор как fallback.\n",
      "   matrix1:\n",
      "[[1. 0. 0. 0.]\n",
      " [0. 1. 0. 0.]\n",
      " [0. 0. 1. 0.]\n",
      " [0. 0. 0. 1.]]\n",
      "Найдено пиков: 827\n",
      "  Итерация 1: max Δ = 0.643399\n",
      "  Итерация 2: max Δ = 0.027136\n",
      "  Итерация 3: max Δ = 0.445585\n",
      "  Итерация 6: max Δ = 0.000000\n",
      "  Сходимость на итерации 6\n",
      "   matrix2:\n",
      "[[  0.25721876 -21.26666667   0.06867615   0.05428998]\n",
      " [  0.33973292  13.93333333   0.19127397   0.07760984]\n",
      " [  0.24399204   3.4          0.43572676   0.24371202]\n",
      " [  0.15905629   4.93333333   0.30432313   0.62438816]]\n",
      "   matrix1def:\n",
      "[[1. 0. 0. 0.]\n",
      " [0. 1. 0. 0.]\n",
      " [0. 0. 1. 0.]\n",
      " [0. 0. 0. 1.]]\n",
      "   matrix2def:\n",
      "[[  0.25721876 -52.59013937   1.43192768   7.70281171]\n",
      " [  0.43750979  13.93333333   0.50839914   3.51783751]\n",
      " [  0.51858144   5.34527143   0.43572676   0.92369173]\n",
      " [  0.7374032   15.47196449   0.54913473   0.62438816]]\n",
      "   ✅ 3_pGEM_C3_PDMA6_50.srd готов\n"
     ]
    },
    {
     "name": "stderr",
     "output_type": "stream",
     "text": [
      "🔄 Обработка SRD:  12%|████▏                            | 5/40 [00:03<00:24,  1.43файл/s, file=3_pGEM_E3_PDMA6_50.s...]"
     ]
    },
    {
     "name": "stdout",
     "output_type": "stream",
     "text": [
      "   matrixdef:\n",
      "[[1.         0.41252762 0.04856525 0.00584242]\n",
      " [0.77566963 1.         0.3788099  0.02060425]\n",
      " [0.4643451  0.62281096 1.         0.289561  ]\n",
      " [0.22231543 0.32387394 0.56533045 1.        ]]\n",
      "   matrix inv:\n",
      "[[ 1.47458035 -0.74013789  0.2451354  -0.06434678]\n",
      " [-1.15377148  1.89305868 -0.76866484  0.19031112]\n",
      " [ 0.0246199  -0.84353513  1.56474441 -0.43585239]\n",
      " [ 0.03193617  0.02830779 -0.69014453  1.1990691 ]]\n",
      "Предупреждение: для канала 0 (G) не найдено чистых пиков. Использован единичный вектор как fallback.\n",
      "Предупреждение: для канала 1 (A) не найдено чистых пиков. Использован единичный вектор как fallback.\n",
      "Предупреждение: для канала 3 (C) не найдено чистых пиков. Использован единичный вектор как fallback.\n",
      "   matrix1:\n",
      "[[ 1.          0.          0.05929919  0.        ]\n",
      " [ 0.          1.         -0.21832884  0.        ]\n",
      " [ 0.          0.          1.19946092  0.        ]\n",
      " [ 0.          0.         -0.04043127  1.        ]]\n",
      "Найдено пиков: 851\n",
      "  Итерация 1: max Δ = 0.641555\n",
      "  Итерация 2: max Δ = 0.015332\n",
      "  Итерация 3: max Δ = 0.004042\n",
      "  Сходимость на итерации 5\n",
      "   matrix2:\n",
      "[[0.34307823 0.18109448 0.05047794 0.04416159]\n",
      " [0.2865566  0.38579685 0.17713921 0.06763695]\n",
      " [0.2182794  0.26921134 0.46807988 0.25077954]\n",
      " [0.15208577 0.16389733 0.30430297 0.63742192]]\n",
      "   matrix1def:\n",
      "[[ 1.          0.          1.22102112  0.        ]\n",
      " [ 0.          1.         -0.57635463  0.        ]\n",
      " [ 0.          0.          1.19946092  0.        ]\n",
      " [ 0.          0.         -0.07151794  1.        ]]\n",
      "   matrix2def:\n",
      "[[0.34307823 0.43898753 1.03938392 7.55878548]\n",
      " [0.36943125 0.38579685 0.46762033 3.28266965]\n",
      " [0.47008012 0.43225209 0.46807988 0.86606807]\n",
      " [0.68409904 0.50605285 0.53827451 0.63742192]]\n",
      "   ✅ 3_pGEM_D3_PDMA6_50.srd готов\n"
     ]
    },
    {
     "name": "stderr",
     "output_type": "stream",
     "text": [
      "🔄 Обработка SRD:  15%|████▉                            | 6/40 [00:04<00:29,  1.14файл/s, file=3_pGEM_F3_PDMA6_50.s...]"
     ]
    },
    {
     "name": "stdout",
     "output_type": "stream",
     "text": [
      "   matrixdef:\n",
      "[[1.         0.42935839 0.05054627 0.00621837]\n",
      " [0.80652195 1.         0.35937738 0.01978084]\n",
      " [0.48212492 0.63509047 1.         0.27355406]\n",
      " [0.22681122 0.32467484 0.56256402 1.        ]]\n",
      "   matrix inv:\n",
      "[[ 1.53762066 -0.79400341  0.24130382 -0.05986508]\n",
      " [-1.25839025  1.95064848 -0.73289358  0.16972568]\n",
      " [ 0.04905157 -0.86518997  1.53525743 -0.40316673]\n",
      " [ 0.0322234   0.03348713 -0.68045889  1.18527951]]\n",
      "Предупреждение: для канала 0 (G) не найдено чистых пиков. Использован единичный вектор как fallback.\n",
      "Предупреждение: для канала 1 (A) не найдено чистых пиков. Использован единичный вектор как fallback.\n",
      "Предупреждение: для канала 2 (T) не найдено чистых пиков. Использован единичный вектор как fallback.\n",
      "Предупреждение: для канала 3 (C) не найдено чистых пиков. Использован единичный вектор как fallback.\n",
      "   matrix1:\n",
      "[[1. 0. 0. 0.]\n",
      " [0. 1. 0. 0.]\n",
      " [0. 0. 1. 0.]\n",
      " [0. 0. 0. 1.]]\n",
      "Найдено пиков: 861\n",
      "  Итерация 1: max Δ = 0.662047\n",
      "  Итерация 2: max Δ = 0.017483\n",
      "  Итерация 3: max Δ = 0.002211\n",
      "  Итерация 6: max Δ = 0.000000\n",
      "  Сходимость на итерации 6\n",
      "   matrix2:\n",
      "[[0.32173565 0.18743429 0.04711129 0.04711647]\n",
      " [0.29153939 0.37828875 0.16272777 0.06943666]\n",
      " [0.22591174 0.26868483 0.48879954 0.24511881]\n",
      " [0.16081321 0.16559212 0.3013614  0.63832806]]\n",
      "   matrix1def:\n",
      "[[1. 0. 0. 0.]\n",
      " [0. 1. 0. 0.]\n",
      " [0. 0. 1. 0.]\n",
      " [0. 0. 0. 1.]]\n",
      "   matrix2def:\n",
      "[[0.32173565 0.43654508 0.93204295 7.57697784]\n",
      " [0.36147732 0.37828875 0.45280471 3.51029878]\n",
      " [0.46857512 0.42306544 0.48879954 0.89605254]\n",
      " [0.7090179  0.51002449 0.53569263 0.63832806]]\n",
      "   ✅ 3_pGEM_E3_PDMA6_50.srd готов\n"
     ]
    },
    {
     "name": "stderr",
     "output_type": "stream",
     "text": [
      "🔄 Обработка SRD:  18%|█████▊                           | 7/40 [00:05<00:27,  1.22файл/s, file=4_pGEM_1_A2_PDMA6_50...]"
     ]
    },
    {
     "name": "stdout",
     "output_type": "stream",
     "text": [
      "   matrixdef:\n",
      "[[1.         0.4292562  0.05138054 0.00599975]\n",
      " [0.78870344 1.         0.38171935 0.01885023]\n",
      " [0.47457409 0.62096852 1.         0.27495438]\n",
      " [0.24216056 0.33214748 0.58505702 1.        ]]\n",
      "   matrix inv:\n",
      "[[ 1.51589818 -0.79219695  0.26347771 -0.06660626]\n",
      " [-1.20492407  1.94587638 -0.79085931  0.18799926]\n",
      " [ 0.02348481 -0.84302284  1.56277009 -0.41394021]\n",
      " [ 0.01938179  0.03873735 -0.7154316   1.19586456]]\n",
      "Предупреждение: для канала 0 (G) не найдено чистых пиков. Использован единичный вектор как fallback.\n",
      "Предупреждение: для канала 1 (A) не найдено чистых пиков. Использован единичный вектор как fallback.\n",
      "Предупреждение: для канала 2 (T) не найдено чистых пиков. Использован единичный вектор как fallback.\n",
      "Предупреждение: для канала 3 (C) не найдено чистых пиков. Использован единичный вектор как fallback.\n",
      "   matrix1:\n",
      "[[1. 0. 0. 0.]\n",
      " [0. 1. 0. 0.]\n",
      " [0. 0. 1. 0.]\n",
      " [0. 0. 0. 1.]]\n",
      "Найдено пиков: 854\n",
      "  Итерация 1: max Δ = 0.685315\n",
      "  Итерация 2: max Δ = 113.981869\n",
      "  Итерация 3: max Δ = 0.033784\n",
      "  Итерация 6: max Δ = 0.000179\n",
      "  Сходимость на итерации 7\n",
      "   matrix2:\n",
      "[[ 3.37308672e-01  1.11916585e-01  2.25000000e+01  5.11547683e-02]\n",
      " [ 2.89507496e-01  2.77476105e-01 -5.20000000e+01  7.84179265e-02]\n",
      " [ 2.09513036e-01  3.72334096e-01  1.15000000e+02  2.52131082e-01]\n",
      " [ 1.63670796e-01  2.38273214e-01 -8.45000000e+01  6.18296223e-01]]\n",
      "   matrix1def:\n",
      "[[1. 0. 0. 0.]\n",
      " [0. 1. 0. 0.]\n",
      " [0. 0. 1. 0.]\n",
      " [0. 0. 0. 1.]]\n",
      "   matrix2def:\n",
      "[[ 3.37308672e-01  2.60722117e-01  4.37909004e+02  8.52615196e+00]\n",
      " [ 3.67067622e-01  2.77476105e-01 -1.36225737e+02  4.16005192e+00]\n",
      " [ 4.41475926e-01  5.99602208e-01  1.15000000e+02  9.16992423e-01]\n",
      " [ 6.75877181e-01  7.17371738e-01 -1.44430367e+02  6.18296223e-01]]\n",
      "   ✅ 3_pGEM_F3_PDMA6_50.srd готов\n"
     ]
    },
    {
     "name": "stderr",
     "output_type": "stream",
     "text": [
      "                                                                                                                       "
     ]
    },
    {
     "name": "stdout",
     "output_type": "stream",
     "text": [
      "   matrixdef:\n",
      "[[1.         0.4698877  0.09678798 0.00711856]\n",
      " [0.73191738 1.         0.44920525 0.01894639]\n",
      " [0.45704332 0.65647846 1.         0.26384586]\n",
      " [0.22151285 0.34263197 0.57146072 1.        ]]\n",
      "   matrix inv:\n",
      "[[ 1.53141564 -0.88580374  0.29005842 -0.07064941]\n",
      " [-1.13980444  2.08522416 -0.95196965  0.21977954]\n",
      " [ 0.04097527 -0.97420482  1.67596942 -0.42403161]\n",
      " [ 0.02788943  0.03847225 -0.69582713  1.18266367]]\n",
      "Предупреждение: для канала 2 (T) не найдено чистых пиков. Использован единичный вектор как fallback.\n"
     ]
    },
    {
     "name": "stderr",
     "output_type": "stream",
     "text": [
      "🔄 Обработка SRD:  20%|██████▌                          | 8/40 [00:06<00:27,  1.16файл/s, file=4_pGEM_1_B2_PDMA6_50...]"
     ]
    },
    {
     "name": "stdout",
     "output_type": "stream",
     "text": [
      "   matrix1:\n",
      "[[ 1.8668313   2.31650526  0.         -0.00420802]\n",
      " [ 0.15106304  2.60402535  0.         -0.00705013]\n",
      " [-0.84107573 -1.82713505  1.          0.2037001 ]\n",
      " [-0.17681862 -2.09339556  0.          0.80755804]]\n",
      "Найдено пиков: 917\n",
      "  Итерация 1: max Δ = 0.622944\n",
      "  Итерация 2: max Δ = 0.023618\n",
      "  Итерация 3: max Δ = 0.006271\n",
      "  Сходимость на итерации 5\n",
      "   matrix2:\n",
      "[[0.36465479 0.20238494 0.05195989 0.03140689]\n",
      " [0.28495351 0.38164114 0.16439665 0.03610344]\n",
      " [0.16781824 0.26424964 0.47559638 0.21395612]\n",
      " [0.18257347 0.15172427 0.30804708 0.71853356]]\n",
      "   matrix1def:\n",
      "[[ 1.8668313   4.92991249  0.         -0.59113289]\n",
      " [ 0.20639357  2.60402535  0.         -0.37210951]\n",
      " [-1.84025385 -2.78323685  1.          0.77204207]\n",
      " [-0.79823186 -6.10974972  0.          0.80755804]]\n",
      "   matrix2def:\n",
      "[[0.36465479 0.43070917 0.53684242 4.41197045]\n",
      " [0.38932469 0.38164114 0.36597225 1.9055573 ]\n",
      " [0.36718234 0.40252599 0.47559638 0.81091329]\n",
      " [0.82421162 0.44281996 0.53905205 0.71853356]]\n",
      "   ✅ 4_pGEM_1_A2_PDMA6_50.srd готов\n"
     ]
    },
    {
     "name": "stderr",
     "output_type": "stream",
     "text": [
      "🔄 Обработка SRD:  22%|███████▍                         | 9/40 [00:07<00:29,  1.07файл/s, file=4_pGEM_2_D2_PDMA6_50...]"
     ]
    },
    {
     "name": "stdout",
     "output_type": "stream",
     "text": [
      "   matrixdef:\n",
      "[[1.         0.44790953 0.09635615 0.00737624]\n",
      " [0.73395252 1.         0.46988818 0.01833493]\n",
      " [0.46322513 0.66742539 1.         0.22984467]\n",
      " [0.21574256 0.33505517 0.56862241 1.        ]]\n",
      "   matrix inv:\n",
      "[[ 1.49832994 -0.84134183  0.28583307 -0.0613233 ]\n",
      " [-1.12379914  2.09774333 -0.98959844  0.19728135]\n",
      " [ 0.0503179  -1.0244133   1.6864528  -0.3692108 ]\n",
      " [ 0.02466929  0.06115784 -0.68905114  1.15707144]]\n",
      "Предупреждение: для канала 0 (G) не найдено чистых пиков. Использован единичный вектор как fallback.\n",
      "Предупреждение: для канала 1 (A) не найдено чистых пиков. Использован единичный вектор как fallback.\n",
      "Предупреждение: для канала 2 (T) не найдено чистых пиков. Использован единичный вектор как fallback.\n",
      "   matrix1:\n",
      "[[ 1.          0.          0.         -0.42487047]\n",
      " [ 0.          1.          0.          0.11658031]\n",
      " [ 0.          0.          1.          0.21243523]\n",
      " [ 0.          0.          0.          1.09585492]]\n",
      "Найдено пиков: 897\n",
      "  Итерация 1: max Δ = 0.625446\n",
      "  Итерация 2: max Δ = 0.019860\n",
      "  Итерация 3: max Δ = 0.004592\n",
      "  Итерация 6: max Δ = 0.000000\n",
      "  Сходимость на итерации 6\n",
      "   matrix2:\n",
      "[[0.35145114 0.18631855 0.03562145 0.04467196]\n",
      " [0.27422232 0.37114472 0.1665435  0.05621585]\n",
      " [0.22041721 0.27068259 0.50260772 0.20274497]\n",
      " [0.15390933 0.17185413 0.29522734 0.69636722]]\n",
      "   matrix1def:\n",
      "[[  1.           0.           0.         -57.59990574]\n",
      " [  0.           1.           0.           6.35837138]\n",
      " [  0.           0.           1.           0.92425562]\n",
      " [  0.           0.           0.           1.09585492]]\n",
      "   matrix2def:\n",
      "[[0.35145114 0.41597362 0.36968524 6.05620094]\n",
      " [0.37362406 0.37114472 0.35443219 3.06605144]\n",
      " [0.47583173 0.40556232 0.50260772 0.88209558]\n",
      " [0.71339347 0.51291294 0.5191975  0.69636722]]\n",
      "   ✅ 4_pGEM_1_B2_PDMA6_50.srd готов\n"
     ]
    },
    {
     "name": "stderr",
     "output_type": "stream",
     "text": [
      "🔄 Обработка SRD:  25%|████████                        | 10/40 [00:08<00:29,  1.01файл/s, file=4_pGEM_3_E2_PDMA6_50...]"
     ]
    },
    {
     "name": "stdout",
     "output_type": "stream",
     "text": [
      "   matrixdef:\n",
      "[[1.         0.4309817  0.09379533 0.00601743]\n",
      " [0.7543844  1.         0.4691413  0.0184943 ]\n",
      " [0.45805666 0.63966322 1.         0.24478064]\n",
      " [0.21340694 0.3221207  0.56549299 1.        ]]\n",
      "   matrix inv:\n",
      "[[ 1.4887995  -0.79249236  0.26570583 -0.0593418 ]\n",
      " [-1.14395863  2.04679055 -0.96964209  0.20637936]\n",
      " [ 0.04336876 -0.95900882  1.66666315 -0.39049166]\n",
      " [ 0.02624788  0.05212253 -0.68684801  1.16700518]]\n",
      "Предупреждение: для канала 1 (A) не найдено чистых пиков. Использован единичный вектор как fallback.\n",
      "Предупреждение: для канала 3 (C) не найдено чистых пиков. Использован единичный вектор как fallback.\n",
      "   matrix1:\n",
      "[[ 1.28665213  0.          1.68181818  0.        ]\n",
      " [ 0.33794412  1.         -4.04545455  0.        ]\n",
      " [-0.24441214  0.          6.72727273  0.        ]\n",
      " [-0.38018411  0.         -3.36363636  1.        ]]\n",
      "Найдено пиков: 829\n",
      "  Итерация 1: max Δ = 0.640571\n",
      "  Итерация 2: max Δ = 0.013495\n",
      "  Итерация 3: max Δ = 0.001808\n",
      "  Итерация 6: max Δ = 0.000000\n",
      "  Сходимость на итерации 6\n",
      "   matrix2:\n",
      "[[0.37729923 0.21041354 0.04917938 0.04345034]\n",
      " [0.28634009 0.35242264 0.14427196 0.05750677]\n",
      " [0.20182187 0.28699233 0.51715173 0.2086634 ]\n",
      " [0.13453881 0.15017149 0.28939693 0.69037949]]\n",
      "   matrix1def:\n",
      "[[ 1.28665213  0.         17.9307242   0.        ]\n",
      " [ 0.44797337  1.         -8.62310461  0.        ]\n",
      " [-0.53358496  0.          6.72727273  0.        ]\n",
      " [-1.78149838  0.         -5.94814867  1.        ]]\n",
      "   matrix2def:\n",
      "[[0.37729923 0.48821921 0.52432657 7.22074519]\n",
      " [0.37956789 0.35242264 0.30752348 3.10943289]\n",
      " [0.44060459 0.44866161 0.51715173 0.85245055]\n",
      " [0.63043316 0.46619633 0.51176042 0.69037949]]\n",
      "   ✅ 4_pGEM_2_D2_PDMA6_50.srd готов\n"
     ]
    },
    {
     "name": "stderr",
     "output_type": "stream",
     "text": [
      "🔄 Обработка SRD:  28%|████████▊                       | 11/40 [00:09<00:27,  1.04файл/s, file=4_pGEM_3_F2_PDMA6_50...]"
     ]
    },
    {
     "name": "stdout",
     "output_type": "stream",
     "text": [
      "   matrixdef:\n",
      "[[1.         0.45672014 0.10021713 0.00638644]\n",
      " [0.75464129 1.         0.47264811 0.01877143]\n",
      " [0.44557053 0.62925589 1.         0.25993058]\n",
      " [0.20562601 0.31450778 0.55302238 1.        ]]\n",
      "   matrix inv:\n",
      "[[ 1.53564305 -0.86374511  0.29291224 -0.0697304 ]\n",
      " [-1.18515035  2.0982178  -0.99894642  0.22783906]\n",
      " [ 0.05455994 -0.94609084  1.67248726 -0.41731955]\n",
      " [ 0.02679799  0.04091204 -0.67097684  1.17346828]]\n",
      "Предупреждение: для канала 1 (A) не найдено чистых пиков. Использован единичный вектор как fallback.\n",
      "Предупреждение: для канала 2 (T) не найдено чистых пиков. Использован единичный вектор как fallback.\n",
      "Предупреждение: для канала 3 (C) не найдено чистых пиков. Использован единичный вектор как fallback.\n",
      "   matrix1:\n",
      "[[ 3.64166667  0.          0.          0.        ]\n",
      " [-1.175       1.          0.          0.        ]\n",
      " [-1.475       0.          1.          0.        ]\n",
      " [ 0.00833333  0.          0.          1.        ]]\n",
      "Найдено пиков: 916\n",
      "  Итерация 1: max Δ = 0.674494\n",
      "  Итерация 2: max Δ = 0.032066\n",
      "  Итерация 3: max Δ = 0.005821\n",
      "  Итерация 6: max Δ = 0.000573\n",
      "  Сходимость на итерации 7\n",
      "   matrix2:\n",
      "[[0.29753567 0.19520352 0.03530431 0.03433473]\n",
      " [0.28484462 0.3898204  0.16703463 0.04720265]\n",
      " [0.25864138 0.26546649 0.49038189 0.21914259]\n",
      " [0.15897833 0.14950959 0.30727917 0.69932003]]\n",
      "   matrix1def:\n",
      "[[ 3.64166667  0.          0.          0.        ]\n",
      " [-1.55703115  1.          0.          0.        ]\n",
      " [-3.31036257  0.          1.          0.        ]\n",
      " [ 0.04052665  0.          0.          1.        ]]\n",
      "   matrix2def:\n",
      "[[0.29753567 0.42740292 0.3522782  5.37619582]\n",
      " [0.37745698 0.3898204  0.35340166 2.51460039]\n",
      " [0.58047236 0.42187366 0.49038189 0.84308121]\n",
      " [0.77314311 0.47537643 0.55563605 0.69932003]]\n",
      "   ✅ 4_pGEM_3_E2_PDMA6_50.srd готов\n"
     ]
    },
    {
     "name": "stderr",
     "output_type": "stream",
     "text": [
      "🔄 Обработка SRD:  30%|█████████▌                      | 12/40 [00:10<00:25,  1.11файл/s, file=4_pGEM_4_G2_PDMA6_50...]"
     ]
    },
    {
     "name": "stdout",
     "output_type": "stream",
     "text": [
      "   matrixdef:\n",
      "[[1.         0.43533701 0.08528075 0.00582115]\n",
      " [0.74581498 1.         0.44373718 0.0162133 ]\n",
      " [0.4662582  0.66056949 1.         0.24336885]\n",
      " [0.21015695 0.3227106  0.54530567 1.        ]]\n",
      "   matrix inv:\n",
      "[[ 1.48830535 -0.8011119   0.26081355 -0.05914888]\n",
      " [-1.13119508  2.03154242 -0.91161156  0.1955047 ]\n",
      " [ 0.0467863  -0.97991567  1.63995964 -0.38349977]\n",
      " [ 0.02675811  0.04711252 -0.65490435  1.15846371]]\n",
      "Предупреждение: для канала 1 (A) не найдено чистых пиков. Использован единичный вектор как fallback.\n",
      "   matrix1:\n",
      "[[ 3.11688312  0.          0.1800554   0.00560482]\n",
      " [-0.52597403  1.         -0.1634349   0.00576811]\n",
      " [-0.57792208  0.          1.12742382  0.18747911]\n",
      " [-1.01298701  0.         -0.14404432  0.80114796]]\n",
      "Найдено пиков: 899\n",
      "  Итерация 1: max Δ = 1.239420\n",
      "  Итерация 2: max Δ = 0.606176\n",
      "  Итерация 3: max Δ = 0.726393\n",
      "  Итерация 6: max Δ = 0.420075\n",
      "  Итерация 11: max Δ = 0.139723\n",
      "  Итерация 16: max Δ = 0.331296\n",
      "  Итерация 21: max Δ = 0.332829\n",
      "  Итерация 26: max Δ = 0.073252\n",
      "   matrix2:\n",
      "[[ 9.36666667e+00 -2.93811064e-03  7.69031349e-02  1.46642161e-01]\n",
      " [-6.40000000e+00  7.31233658e-02  1.47471429e-01  7.20537929e-02]\n",
      " [-9.86666667e+00  3.39325756e-01  4.79793131e-01  3.85761292e-01]\n",
      " [ 7.90000000e+00  5.90488989e-01  2.95832305e-01  3.95542754e-01]]\n",
      "   matrix1def:\n",
      "[[ 3.11688312  0.          2.11132517  0.96283672]\n",
      " [-0.70523393  1.         -0.36831465  0.35576391]\n",
      " [-1.23948937  0.          1.12742382  0.77034968]\n",
      " [-4.82014526  0.         -0.26415335  0.80114796]]\n",
      "   matrix2def:\n",
      "[[ 9.36666667e+00 -6.74904866e-03  9.01764251e-01  2.51912548e+01]\n",
      " [-8.58121676e+00  7.31233658e-02  3.32339582e-01  4.44411549e+00]\n",
      " [-2.11613795e+01  5.13686693e-01  4.79793131e-01  1.58508902e+00]\n",
      " [ 3.75909533e+01  1.82977870e+00  5.42507298e-01  3.95542754e-01]]\n",
      "   ✅ 4_pGEM_3_F2_PDMA6_50.srd готов\n"
     ]
    },
    {
     "name": "stderr",
     "output_type": "stream",
     "text": [
      "🔄 Обработка SRD:  32%|██████████▍                     | 13/40 [00:10<00:22,  1.19файл/s, file=4_pGEM_4_H2_PDMA6_50...]"
     ]
    },
    {
     "name": "stdout",
     "output_type": "stream",
     "text": [
      "   matrixdef:\n",
      "[[1.         0.43546033 0.09335286 0.00630344]\n",
      " [0.75393111 1.         0.48261571 0.01821623]\n",
      " [0.45244381 0.63680655 1.         0.22891816]\n",
      " [0.21186949 0.3242723  0.57691753 1.        ]]\n",
      "   matrix inv:\n",
      "[[ 1.4977454  -0.81683354  0.2894926  -0.06083143]\n",
      " [-1.15440603  2.08289521 -1.01364866  0.20137682]\n",
      " [ 0.05119731 -0.96992497  1.67445464 -0.36596743]\n",
      " [ 0.02747872  0.0572036  -0.69865869  1.15872042]]\n",
      "Предупреждение: для канала 2 (T) не найдено чистых пиков. Использован единичный вектор как fallback.\n",
      "   matrix1:\n",
      "[[ 0.80227596  0.14906832  0.         -0.00354935]\n",
      " [ 0.18918919  0.93167702  0.          0.00509443]\n",
      " [ 0.05263158 -0.11490683  1.          0.19387532]\n",
      " [-0.04409673  0.03416149  0.          0.8045796 ]]\n",
      "Найдено пиков: 907\n",
      "  Итерация 1: max Δ = 0.678577\n",
      "  Итерация 2: max Δ = 0.047659\n",
      "  Итерация 3: max Δ = 0.006750\n",
      "  Сходимость на итерации 5\n",
      "   matrix2:\n",
      "[[0.28924041 0.18485022 0.03464905 0.0349053 ]\n",
      " [0.33668411 0.39403208 0.17138819 0.05070455]\n",
      " [0.22477487 0.26527713 0.47363824 0.19959585]\n",
      " [0.14930062 0.15584057 0.32032453 0.7147943 ]]\n",
      "   matrix1def:\n",
      "[[ 0.80227596  0.34232354  0.         -0.56308232]\n",
      " [ 0.25093697  0.93167702  0.          0.27966428]\n",
      " [ 0.11632733 -0.18044229  1.          0.84691978]\n",
      " [-0.20813156  0.10534816  0.          0.8045796 ]]\n",
      "   matrix2def:\n",
      "[[0.28924041 0.42449382 0.37116215 5.53750227]\n",
      " [0.44657145 0.39403208 0.35512351 2.78348242]\n",
      " [0.49680173 0.41657412 0.47363824 0.87190916]\n",
      " [0.704682   0.48058552 0.55523452 0.7147943 ]]\n",
      "   ✅ 4_pGEM_4_G2_PDMA6_50.srd готов\n"
     ]
    },
    {
     "name": "stderr",
     "output_type": "stream",
     "text": [
      "🔄 Обработка SRD:  32%|██████████▍                     | 13/40 [00:11<00:22,  1.19файл/s, file=4_pGEM_4_H2_PDMA6_50...]"
     ]
    },
    {
     "name": "stdout",
     "output_type": "stream",
     "text": [
      "   matrixdef:\n",
      "[[1.         0.42689255 0.09611301 0.00618648]\n",
      " [0.78545046 1.         0.50231487 0.02115701]\n",
      " [0.48907727 0.64966577 1.         0.2355673 ]\n",
      " [0.21093845 0.30496892 0.53123921 1.        ]]\n",
      "   matrix inv:\n",
      "[[ 1.51133424 -0.82137454  0.30069469 -0.06280585]\n",
      " [-1.20678299  2.15017368 -1.07889126  0.216126  ]\n",
      " [ 0.03800476 -1.00761894  1.70460813 -0.38046685]\n",
      " [ 0.02904319  0.05281001 -0.63995445  1.14945536]]\n",
      "Предупреждение: для канала 2 (T) не найдено чистых пиков. Использован единичный вектор как fallback.\n",
      "   matrix1:\n",
      "[[ 8.62905085  0.69332734  0.         -0.03114409]\n",
      " [-1.20096849  0.97392986  0.         -0.02340377]\n",
      " [-2.63592452 -0.24421763  1.          0.18986035]\n",
      " [-3.79215783 -0.42303957  0.          0.86468752]]\n",
      "Найдено пиков: 919\n",
      "  Итерация 1: max Δ = 0.672987\n",
      "  Итерация 2: max Δ = 0.699692\n",
      "  Итерация 3: max Δ = 0.938290\n",
      "  Сходимость на итерации 5\n",
      "   matrix2:\n",
      "[[ 2.32537313  0.2590438   0.33208361  0.02473569]\n",
      " [ 0.04477612  0.40713108  0.28314661  0.03619169]\n",
      " [-1.19402985  0.21317861  0.16005748  0.19612122]\n",
      " [-0.1761194   0.12064651  0.22471229  0.74295141]]\n",
      "   matrix1def:\n",
      "[[  8.62905085   1.62412612   0.          -5.03421736]\n",
      " [ -1.52901877   0.97392986   0.          -1.10619482]\n",
      " [ -5.38958706  -0.37591272   1.           0.80597071]\n",
      " [-17.97755584  -1.38715632   0.           0.86468752]]\n"
     ]
    },
    {
     "name": "stderr",
     "output_type": "stream",
     "text": [
      "🔄 Обработка SRD:  35%|███████████▏                    | 14/40 [00:11<00:22,  1.14файл/s, file=5_pGEM1_GenSeq_D4_PD...]"
     ]
    },
    {
     "name": "stdout",
     "output_type": "stream",
     "text": [
      "   matrix2def:\n",
      "[[ 2.32537313  0.60681264  3.45513689  3.99834593]\n",
      " [ 0.05700693  0.40713108  0.56368353  1.71062401]\n",
      " [-2.44139306  0.32813582  0.16005748  0.83254855]\n",
      " [-0.83493265  0.39560264  0.42299643  0.74295141]]\n",
      "   ✅ 4_pGEM_4_H2_PDMA6_50.srd готов\n"
     ]
    },
    {
     "name": "stderr",
     "output_type": "stream",
     "text": [
      "🔄 Обработка SRD:  38%|████████████                    | 15/40 [00:12<00:18,  1.37файл/s, file=5_pGEM1_GenSeq_E4_PD...]"
     ]
    },
    {
     "name": "stdout",
     "output_type": "stream",
     "text": [
      "   matrixdef:\n",
      "[[1.         0.4493767  0.04777574 0.00553213]\n",
      " [0.75812811 1.         0.39136419 0.02123402]\n",
      " [0.45746905 0.62164533 1.         0.30263963]\n",
      " [0.2239489  0.33055469 0.57398009 1.        ]]\n",
      "   matrix inv:\n",
      "[[ 1.51978202 -0.84576523  0.30608013 -0.08308061]\n",
      " [-1.15865309  1.9717219  -0.84226246  0.21944424]\n",
      " [ 0.01465836 -0.84579627  1.59756347 -0.46560746]\n",
      " [ 0.0342311   0.02311648 -0.70710213  1.2133169 ]]\n",
      "Предупреждение: для канала 0 (G) не найдено чистых пиков. Использован единичный вектор как fallback.\n",
      "Предупреждение: для канала 1 (A) не найдено чистых пиков. Использован единичный вектор как fallback.\n",
      "Предупреждение: для канала 2 (T) не найдено чистых пиков. Использован единичный вектор как fallback.\n",
      "   matrix1:\n",
      "[[ 1.          0.          0.         -0.00320188]\n",
      " [ 0.          1.          0.         -0.00656901]\n",
      " [ 0.          0.          1.          0.20657265]\n",
      " [ 0.          0.          0.          0.80319824]]\n",
      "Найдено пиков: 609\n",
      "  Итерация 1: max Δ = 0.596555\n",
      "  Итерация 2: max Δ = 0.004696\n",
      "  Итерация 3: max Δ = 0.000000\n",
      "  Сходимость на итерации 3\n",
      "   matrix2:\n",
      "[[0.41976035 0.19849512 0.03372884 0.03003876]\n",
      " [0.28894228 0.40266945 0.17643273 0.03708308]\n",
      " [0.17680616 0.25710514 0.48909711 0.22597469]\n",
      " [0.11449121 0.14173029 0.30074132 0.70690347]]\n",
      "   matrix1def:\n",
      "[[ 1.          0.          0.         -0.57877858]\n",
      " [ 0.          1.          0.         -0.30936255]\n",
      " [ 0.          0.          1.          0.68256971]\n",
      " [ 0.          0.          0.          0.80319824]]\n",
      "   matrix2def:\n",
      "[[0.41976035 0.44171208 0.70598267 5.42987583]\n",
      " [0.38112593 0.40266945 0.45081469 1.74639975]\n",
      " [0.38648771 0.41358815 0.48909711 0.7466791 ]\n",
      " [0.51123809 0.42876501 0.52395775 0.70690347]]\n",
      "   ✅ 5_pGEM1_GenSeq_D4_PDMA6_36.srd готов\n"
     ]
    },
    {
     "name": "stderr",
     "output_type": "stream",
     "text": [
      "🔄 Обработка SRD:  40%|████████████▊                   | 16/40 [00:12<00:15,  1.54файл/s, file=5_pGEM1_GenSeq_F4_PD...]"
     ]
    },
    {
     "name": "stdout",
     "output_type": "stream",
     "text": [
      "   matrixdef:\n",
      "[[1.         0.4223772  0.0418312  0.00566559]\n",
      " [0.77240247 1.         0.35396385 0.01762198]\n",
      " [0.44552344 0.6070134  1.         0.31802389]\n",
      " [0.22150896 0.32673404 0.58059007 1.        ]]\n",
      "   matrix inv:\n",
      "[[ 1.48942147 -0.75550934  0.24809732 -0.07402575]\n",
      " [-1.16232262  1.86811973 -0.73260514  0.2066512 ]\n",
      " [ 0.03203461 -0.80514729  1.56436807 -0.48349962]\n",
      " [ 0.03125118  0.02443431 -0.72384531  1.22959246]]\n",
      "Предупреждение: для канала 1 (A) не найдено чистых пиков. Использован единичный вектор как fallback.\n",
      "Предупреждение: для канала 3 (C) не найдено чистых пиков. Использован единичный вектор как fallback.\n",
      "   matrix1:\n",
      "[[ 1.05367557  0.          0.33267913  0.        ]\n",
      " [ 0.20718848  1.         -0.23265252  0.        ]\n",
      " [-0.22356881  0.          0.84991019  0.        ]\n",
      " [-0.03729523  0.          0.0500632   1.        ]]\n",
      "Найдено пиков: 594\n",
      "  Итерация 1: max Δ = 0.614183\n",
      "  Итерация 2: max Δ = 0.009317\n",
      "  Итерация 3: max Δ = 0.003307\n",
      "  Сходимость на итерации 4\n",
      "   matrix2:\n",
      "[[0.3782578  0.19089271 0.03924016 0.02938504]\n",
      " [0.26757658 0.4030069  0.17994948 0.04327961]\n",
      " [0.21399969 0.25673996 0.46362696 0.24119903]\n",
      " [0.14016593 0.14936043 0.31718341 0.68613631]]\n",
      "   matrix1def:\n",
      "[[ 1.05367557  0.          7.9528949   0.        ]\n",
      " [ 0.26823901  1.         -0.65727762  0.        ]\n",
      " [-0.50181156  0.          0.84991019  0.        ]\n",
      " [-0.16836895  0.          0.08622814  1.        ]]\n",
      "   matrix2def:\n",
      "[[0.3782578  0.45194842 0.93805961 5.1865845 ]\n",
      " [0.34642118 0.4030069  0.50838377 2.4560013 ]\n",
      " [0.48033318 0.42295599 0.46362696 0.75843054]\n",
      " [0.63277768 0.45713154 0.54631215 0.68613631]]\n",
      "   ✅ 5_pGEM1_GenSeq_E4_PDMA6_36.srd готов\n"
     ]
    },
    {
     "name": "stderr",
     "output_type": "stream",
     "text": [
      "🔄 Обработка SRD:  42%|█████████████▌                  | 17/40 [00:12<00:12,  1.77файл/s, file=5_pGEM2_GenSeq_G4_PD...]"
     ]
    },
    {
     "name": "stdout",
     "output_type": "stream",
     "text": [
      "   matrixdef:\n",
      "[[1.         0.42427725 0.04200807 0.0041063 ]\n",
      " [0.76395476 1.         0.37278795 0.01508858]\n",
      " [0.4573907  0.62760025 1.         0.28125143]\n",
      " [0.21785687 0.32474038 0.57003689 1.        ]]\n",
      "   matrix inv:\n",
      "[[ 1.48515471 -0.77443307  0.2657289  -0.06915003]\n",
